1326 2809 2089 1509 2503 4213 2083 1706 2049 3908 1932 1651 1418 3099 2211 1999 968 5122 0 1766 1250 0 2871 1598 1192 3553 0 2052 1140 2618 2075 2115 0 2025 2838 2483 4570 2739 1397 1415 2410 1392 1829 1509 1766 1518 1170 1237 2746 1369 2164 0 1149 1810 2536 2131 2245 2841 903 3078 630 1809 782 3933 1815 3450 3874 965 1452 2374 3419 1073 1530 1507 745 1372 1619 2672 401 2850 2356 1692 2040 2192 1376 3860 3015 1272 2563 3226 1553 436 1224 2207 2977 1896 68 0 1169 0 1080 
2809 14897 8980 5395 7522 14454 9058 5022 7167 13312 6265 5665 5735 12276 8804 8627 4521 19274 0 7813 6711 0 10544 5938 5292 12830 0 8214 3883 10702 7587 7961 0 9736 8302 6755 15343 8905 5647 5257 9780 5199 6745 5238 5147 4430 4198 5367 11226 5129 8350 0 4445 5288 10428 8727 10333 10331 4285 11633 2455 7445 3249 13387 6755 10094 14514 4349 4226 10295 13108 3726 6189 6671 2699 4269 6597 9852 1772 7816 9387 5675 9419 6647 6628 15143 10800 5457 7719 14419 6121 1272 5082 7744 10101 7328 311 0 3659 0 3825 
2089 8980 8263 4199 6252 10240 6531 3757 5014 9660 6016 4017 4377 10782 6107 6570 2861 14014 0 5829 4535 0 8308 4915 3996 9771 0 5360 2831 8631 6520 5692 0 5959 7023 5588 11374 6676 4108 4431 8633 4321 5593 3988 4010 3843 3025 3877 7139 3488 6710 0 4079 4543 8626 6710 7141 8282 2883 9066 2037 6485 2555 8754 4651 8160 9898 2895 3138 7662 11394 3097 4366 5005 2147 2932 5104 6952 1418 6169 7522 4458 6926 4789 3741 10343 8316 4103 6336 10620 5050 1049 3079 6461 7721 6474 230 0 2937 0 3459 
1509 5395 4199 4125 4869 7330 3846 2622 3003 7824 2728 3320 3221 5319 3868 4962 1862 8610 0 3164 2435 0 4785 2950 2346 5863 0 3277 2040 5428 4198 3405 0 3847 5870 3668 7875 4472 2477 2575 4302 3180 3672 2688 2893 2802 2372 2310 4615 3036 3674 0 1914 2993 4633 5218 5706 6220 1965 6156 1124 3332 1303 6731 2825 5468 5867 1833 2809 4128 7085 2451 2957 3544 1507 1713 2773 4732 948 4587 3900 3076 3842 3240 2497 6303 5426 2783 4992 5796 2824 1059 2284 4102 4843 4117 141 0 1743 0 2464 
2503 7522 6252 4869 8587 11458 6334 4228 4885 11830 4497 4944 4414 8087 6131 6553 2481 13990 0 4615 3377 0 8102 4807 3600 9223 0 5432 3426 8115 5841 5724 0 5332 9128 6507 13717 6681 4147 3977 6708 5150 6242 4551 4275 4832 3276 3715 7434 4032 5996 0 3172 5093 7421 7750 7584 9807 2676 8029 1803 5461 2242 10323 4415 9260 9515 2487 4824 6159 10641 3085 4439 4426 2289 3034 4513 8541 1196 7558 6304 5273 6167 5440 3448 10408 8550 3803 8624 8709 4726 1655 3217 7273 7388 6317 223 0 2874 0 3632 
4213 14454 10240 7330 11458 22976 10380 7958 9331 20067 7843 8103 7794 14682 9926 10713 4079 24869 0 8750 6078 0 13208 7576 6589 16713 0 10491 6027 15027 9011 10301 0 10147 11974 10660 22772 12147 6190 7192 11652 7303 9828 7533 7506 7008 5588 6992 13104 7075 11207 0 5589 7607 13484 11940 13550 13531 4516 13087 3116 9060 3905 18840 7272 16035 16973 4319 6471 11183 17532 5020 8022 7803 3861 5201 7710 13074 2115 12615 12326 8852 10925 8592 6658 19882 14177 7211 11636 15821 8881 2024 5974 10943 13506 9481 460 0 5063 0 5251 
2083 9058 6531 3846 6334 10380 8696 3656 5122 9701 4618 4246 4084 9113 6337 5947 3412 12626 0 5660 4719 0 8618 4568 3986 8619 0 6188 3046 7534 6000 5496 0 6475 6874 5725 12723 6253 4400 3670 7719 3857 5943 4306 3841 4305 2993 4327 8095 3869 6907 0 3144 4322 6995 6675 6678 9124 2977 8610 1722 5430 2741 10525 5056 7997 10930 3210 3882 7098 10032 3198 5176 4951 2303 3526 4663 7673 1268 6497 7294 4660 6432 5346 4546 10515 8299 3689 6831 10071 4648 1022 3641 6765 7177 6385 222 0 2693 0 3311 
1706 5022 3757 2622 4228 7958 3656 3676 3106 6818 3009 2781 2823 5838 3822 3527 1483 9293 0 3473 2154 0 4517 2897 2184 6181 0 3700 1975 5346 3362 3543 0 3491 4413 3702 7461 4822 2272 2914 4335 2675 3451 2571 2868 2329 1897 2297 4724 2534 4003 0 1987 2984 4818 3950 4195 5283 1568 4791 1178 3172 1414 6494 2719 5924 6147 1572 2332 4631 6081 1861 2613 2863 1537 1897 2910 4461 718 4717 4101 3062 4177 3113 2209 6521 5076 2492 4389 5410 3558 759 1962 4248 5140 3429 157 0 1777 0 1935 
2049 7167 5014 3003 4885 9331 5122 3106 6026 8730 4577 3836 3603 7572 4415 5341 2002 11243 0 4895 3568 0 6106 3774 3343 8139 0 6037 3069 6381 5023 5678 0 5119 5613 5176 12375 6034 4006 3461 5946 3219 4817 4070 3364 3568 2530 3923 7269 3522 5258 0 3258 3834 6088 4750 5956 6032 2159 6984 1491 4617 2177 9725 4100 6855 9503 2474 3266 5930 8402 2396 3650 3687 1692 3580 3927 7420 973 5922 7149 3838 5097 5261 3592 9991 7346 3107 5188 8707 4011 754 3045 4578 6096 4479 198 0 2893 0 2244 
3908 13312 9660 7824 11830 20067 9701 6818 8730 21373 7088 7849 8041 13843 9760 10914 3825 23169 0 8269 6111 0 12001 7035 6246 15431 0 9996 6374 14481 9021 9210 0 9524 12454 10189 21226 11334 6086 6203 11682 7137 9747 6704 7403 7046 5496 6574 12693 6938 10407 0 5182 7598 12696 11832 14286 13257 4200 13074 3304 9099 3649 18382 6751 14371 14727 4291 6895 11039 18346 4875 7424 8033 3979 4991 6918 12732 2146 11248 11300 8779 10384 8589 6350 17996 14073 6093 11708 15504 7612 2248 5774 9983 12277 9933 381 0 5109 0 5738 
1932 6265 6016 2728 4497 7843 4618 3009 4577 7088 5867 3127 3598 8415 4183 5027 1846 11388 0 4153 3235 0 6131 3797 2890 7593 0 4191 2237 6491 5262 4914 0 4087 5142 5018 9985 5140 3384 4214 6608 3429 4846 3348 3178 3422 2194 3119 5605 2660 5424 0 3454 3800 6924 4491 4823 5962 1857 6804 1557 5001 2528 7018 3977 6641 8387 2172 2536 6004 8115 2378 3328 3281 1621 2840 3962 5576 939 5167 6411 3388 4829 4252 2809 7706 6427 3084 4718 7537 3897 721 2415 4579 6239 4696 136 0 2519 0 2281 
1651 5665 4017 3320 4944 8103 4246 2781 3836 7849 3127 4006 2957 5559 4061 4178 1838 9582 0 3273 2549 0 5327 3173 2504 6149 0 3862 2325 5096 3851 4125 0 3910 5442 4030 9806 4563 2828 2761 4555 3315 3920 3462 2934 3036 2207 2758 5628 2902 4317 0 2152 3139 4879 4997 5226 6418 1792 5804 1169 3448 1494 7524 3462 6466 7804 1775 3044 4159 6887 2122 3140 3186 1424 2421 3208 5415 823 4769 5106 3354 3951 3549 2964 7088 6144 2690 5384 6259 3193 1085 2597 4184 4978 3758 128 0 1847 0 2089 
1418 5735 4377 3221 4414 7794 4084 2823 3603 8041 3598 2957 4341 5794 4076 5307 1577 9562 0 3737 2948 0 4905 3044 2667 6441 0 3839 2169 6534 4248 4201 0 3999 4785 3869 9185 4389 2690 3470 5307 3293 4797 3097 2775 2976 2360 2680 4954 2952 4227 0 2411 3571 6269 5266 6154 5870 1701 5957 1228 4389 2047 7101 3260 5456 6305 2006 2444 5432 7652 2410 3305 3362 1948 2132 2780 4771 874 4472 4759 3556 4245 3341 2824 6918 5890 3121 4497 6377 3409 787 2594 4200 4974 4562 148 0 2374 0 2563 
3099 12276 10782 5319 8087 14682 9113 5838 7572 13843 8415 5559 5794 19049 8914 8550 3894 20060 0 9694 6532 0 11471 6679 5474 14493 0 8540 4643 13057 9194 8210 0 8295 9753 8952 16533 11129 6177 5746 14027 5543 7809 5730 6647 5649 4466 6271 11031 4869 10453 0 6021 6122 11626 8072 9102 10645 3969 14061 3838 8678 3324 13054 6742 11789 14453 4540 4413 11224 16121 4361 6035 7958 2791 4590 8596 10596 2476 8790 11063 6625 11177 7635 5456 15562 13511 5147 8317 17449 8780 1300 4379 9480 11097 8660 399 0 4311 0 4459 
2211 8804 6107 3868 6131 9926 6337 3822 4415 9760 4183 4061 4076 8914 7367 5810 2920 12706 0 5423 4602 0 7843 3893 3461 8486 0 5107 2745 7173 5309 5157 0 5895 6369 5481 11074 6275 3734 3697 7643 3728 4928 3789 4046 3586 2943 3411 7296 3448 5567 0 2909 3874 6721 6585 6569 7918 2498 8476 1796 4921 2120 9232 4644 7697 9628 2911 3268 6722 9569 2791 4235 5216 1931 2764 4659 6386 1498 5741 6068 4417 6140 4602 4306 9608 8248 3663 6323 10162 4383 1077 3571 6505 6882 5536 210 0 2464 0 3089 
1999 8627 6570 4962 6553 10713 5947 3527 5341 10914 5027 4178 5307 8550 5810 8922 2458 12863 0 5564 4828 0 7289 4356 4192 8834 0 5560 3127 8785 6910 5795 0 5905 7570 6003 13050 6264 4264 4368 7583 4435 6296 4615 3831 4685 3523 3872 7090 4526 5811 0 3456 4577 7845 7806 8658 8095 2674 9372 1754 5812 2707 10042 4492 7454 9432 3120 3883 7054 10981 3411 4705 5465 2281 2973 4235 7769 1496 6845 6802 4777 5971 5451 4101 9977 8081 4386 6663 9841 4890 1104 3776 6244 7060 6168 218 0 2985 0 3341 
968 4521 2861 1862 2481 4079 3412 1483 2002 3825 1846 1838 1577 3894 2920 2458 2112 5633 0 2300 2199 0 3533 1844 1551 3453 0 2283 1129 2854 2391 2243 0 3460 3152 2175 4705 2494 1768 1557 3040 1668 2074 1653 1578 1573 1353 1754 3619 1518 2732 0 1147 1636 2721 2853 2815 4121 1607 3797 713 1912 955 4012 2411 3059 4862 1377 1502 2796 3772 1222 2182 2231 763 1306 2172 3047 558 2708 2728 1641 2688 2151 2364 4163 3155 1558 2799 4537 1721 471 1820 2580 2894 2243 69 0 920 0 1150 
5122 19274 14014 8610 13990 24869 12626 9293 11243 23169 11388 9582 9562 20060 12706 12863 5633 34047 0 11551 8322 0 16550 9550 7814 21477 0 12372 7038 19043 11496 13413 0 13501 14604 12782 26398 14885 8227 9592 16076 9308 12054 8532 9449 8190 6245 8064 17091 7824 14516 0 7675 9133 18004 13482 15185 16711 6066 17061 4639 11979 5511 21356 9657 18943 21814 5398 7709 15256 21821 6008 8938 9284 4344 6551 10585 16275 2528 13761 14919 10436 15092 10673 8258 23737 17466 8426 13987 20933 10620 2572 7167 12776 17164 11586 480 0 6067 0 6261 
0 0 0 0 0 0 0 0 0 0 0 0 0 0 0 0 0 0 0 0 0 0 0 0 0 0 0 0 0 0 0 0 0 0 0 0 0 0 0 0 0 0 0 0 0 0 0 0 0 0 0 0 0 0 0 0 0 0 0 0 0 0 0 0 0 0 0 0 0 0 0 0 0 0 0 0 0 0 0 0 0 0 0 0 0 0 0 0 0 0 0 0 0 0 0 0 0 0 0 0 0 
1766 7813 5829 3164 4615 8750 5660 3473 4895 8269 4153 3273 3737 9694 5423 5564 2300 11551 0 7240 4503 0 6697 3692 4026 8586 0 6109 2665 7443 5455 5323 0 5772 5438 4913 10575 6778 3530 3045 8115 2870 4666 3909 3667 3311 2721 3522 6880 3082 5640 0 3159 3507 6608 5003 5738 5950 2581 8609 2070 4985 2018 8711 3840 6632 9357 2883 2670 6959 9670 2603 3699 5088 1727 2874 4413 6334 1397 5509 6423 4215 6690 4887 3465 10211 8190 3307 4750 10720 5186 678 2967 5501 6326 4894 269 0 2880 0 2632 
1250 6711 4535 2435 3377 6078 4719 2154 3568 6111 3235 2549 2948 6532 4602 4828 2199 8322 0 4503 4874 0 4865 2895 3271 5602 0 4225 1915 4808 4401 3609 0 4532 4033 3334 7793 4295 2935 2517 6033 2240 3893 3010 2575 2587 2177 3061 5416 2330 4087 0 2178 2651 4943 4345 4859 4884 1886 6928 1257 3925 2143 6733 3539 4555 7279 2990 2002 5563 7474 2039 2977 3881 1515 2208 3024 4567 980 3676 5559 2784 4256 3645 3531 6691 5587 2430 3570 8311 3302 499 2940 3692 4564 3785 137 0 1862 0 2001 
0 0 0 0 0 0 0 0 0 0 0 0 0 0 0 0 0 0 0 0 0 22 0 0 0 0 21 0 0 0 0 0 0 0 0 0 0 0 0 0 0 0 0 0 0 0 0 0 0 0 0 21 0 0 0 0 0 0 0 0 0 0 0 0 0 0 0 0 0 0 0 0 0 0 0 0 0 0 0 0 0 0 0 0 0 0 0 0 0 0 0 0 0 0 0 0 0 0 0 0 0 
2871 10544 8308 4785 8102 13208 8618 4517 6106 12001 6131 5327 4905 11471 7843 7289 3533 16550 0 6697 4865 0 12315 5292 4563 11642 0 7020 3630 9459 7562 7706 0 7411 8554 7588 15995 7949 4838 4653 9368 4894 6728 5040 4939 5223 3722 4542 9669 4389 7176 0 4176 5203 8997 7975 7981 10547 3457 11448 2236 6913 2949 11670 5914 10191 13382 3337 4345 7909 12201 3675 6006 6224 2361 3674 6514 9319 1897 8278 7990 5608 8156 6103 4651 14367 10482 4898 8697 13106 5681 1311 4038 8440 9165 7560 355 0 3531 0 4008 
1598 5938 4915 2950 4807 7576 4568 2897 3774 7035 3797 3173 3044 6679 3893 4356 1844 9550 0 3692 2895 0 5292 4096 2752 6894 0 3984 2139 5623 4451 4045 0 3915 5691 3958 9171 4725 3381 2893 5391 3296 4061 3372 2798 2909 2409 2822 5521 2836 4646 0 2713 3813 5775 4826 5083 6342 2088 6154 1269 4327 1701 6882 3482 6197 7513 2220 2743 5164 7389 2134 3062 3005 1712 2626 3333 5703 789 4955 5335 3351 4576 3750 2708 7433 6169 2741 5078 6882 3464 865 2254 4405 5305 4153 146 0 2160 0 2235 
1192 5292 3996 2346 3600 6589 3986 2184 3343 6246 2890 2504 2667 5474 3461 4192 1551 7814 0 4026 3271 0 4563 2752 3290 5300 0 4035 1963 4998 3877 3349 0 3619 3947 3322 7843 3858 2363 2422 4896 2291 3668 2969 2301 2557 1938 2754 4617 2274 3717 0 1929 2539 4498 4195 4691 4546 1682 5570 1157 3345 1702 6095 2710 4598 6582 2111 2071 4202 6722 1876 2904 3146 1323 1895 2579 4458 778 4176 4988 2968 4049 3184 2507 6645 5019 2627 3661 6516 3115 555 2223 3599 4198 3467 142 0 1879 0 1820 
3553 12830 9771 5863 9223 16713 8619 6181 8139 15431 7593 6149 6441 14493 8486 8834 3453 21477 0 8586 5602 0 11642 6894 5300 16342 0 9278 4636 12677 8393 9524 0 8846 10407 8544 18662 11530 6054 5626 11295 5784 7992 5971 6530 5553 4672 5822 11350 5510 9532 0 5926 6672 12445 8662 10133 10597 3993 12463 2947 9010 3384 15083 6317 13215 14624 4016 4987 11068 15499 4455 6149 6581 3056 4821 7284 11384 1884 9378 10560 7140 10345 7715 5292 17662 12977 5719 9182 15425 7696 1537 4554 9057 11841 8598 411 0 4790 0 4623 
0 0 0 0 0 0 0 0 0 0 0 0 0 0 0 0 0 0 0 0 0 21 0 0 0 0 22 0 0 0 0 0 0 0 0 0 0 0 0 0 0 0 0 0 0 0 0 0 0 0 0 21 0 0 0 0 0 0 0 0 0 0 0 0 0 0 0 0 0 0 0 0 0 0 0 0 0 0 0 0 0 0 0 0 0 0 0 0 0 0 0 0 0 0 0 0 0 0 0 0 0 
2052 8214 5360 3277 5432 10491 6188 3700 6037 9996 4191 3862 3839 8540 5107 5560 2283 12372 0 6109 4225 0 7020 3984 4035 9278 0 7534 3451 7065 5179 6016 0 5970 6076 5387 12806 7191 4083 3276 6672 3189 5470 3888 3750 3780 2813 4604 8116 3733 5849 0 3267 3799 6506 5178 6683 6521 2560 7735 1733 5012 2433 10921 3995 7325 9668 3029 3544 6929 9566 2597 4189 4522 1963 3465 4323 8123 1166 6341 7540 4266 6299 5683 3778 11889 7903 3277 5565 10012 4852 789 3208 5503 6717 5299 293 0 3136 0 2701 
1140 3883 2831 2040 3426 6027 3046 1975 3069 6374 2237 2325 2169 4643 2745 3127 1129 7038 0 2665 1915 0 3630 2139 1963 4636 0 3451 2381 4335 2892 2929 0 2916 3677 3328 6931 3445 2089 1824 3804 1969 2889 2076 2328 2251 1575 2322 4533 2140 3410 0 1656 2197 3552 3114 3953 3796 1310 4049 1155 2559 1118 5944 2065 4265 4895 1323 2316 3181 5464 1384 2155 2331 1074 1746 2333 4580 630 3634 3880 2784 3263 2939 1908 5888 4246 1681 3663 5256 2335 595 1738 2910 3694 2742 117 0 1508 0 1494 
2618 10702 8631 5428 8115 15027 7534 5346 6381 14481 6491 5096 6534 13057 7173 8785 2854 19043 0 7443 4808 0 9459 5623 4998 12677 0 7065 4335 14130 7332 7464 0 7383 8481 7684 15257 8536 4946 5520 10723 5549 7701 5358 5526 5140 3873 4810 9059 5252 9181 0 4815 5961 11698 8624 10172 9463 3475 10384 3078 7842 3037 11911 5279 10489 11422 3139 4278 9355 14290 3976 5449 6082 3053 3682 6123 9382 1745 8182 8561 7023 9586 6040 4419 13598 10775 5539 7827 12705 7319 1344 3861 8052 9659 7703 335 0 4047 0 4309 
2075 7587 6520 4198 5841 9011 6000 3362 5023 9021 5262 3851 4248 9194 5309 6910 2391 11496 0 5455 4401 0 7562 4451 3877 8393 0 5179 2892 7332 7506 5156 0 5084 7062 5400 11913 6184 4235 3906 7464 3838 5282 4298 3794 4291 3212 3601 7130 3855 5427 0 3285 4326 6606 6094 6386 7783 2504 9901 1717 5232 2470 9189 4457 7082 10131 3187 3603 6562 9795 3281 4356 4819 1985 3096 4385 7104 1249 6627 6734 4303 5672 5238 3624 9236 7969 3814 6378 9653 4295 958 3185 5658 7004 5728 167 0 2679 0 2962 
2115 7961 5692 3405 5724 10301 5496 3543 5678 9210 4914 4125 4201 8210 5157 5795 2243 13413 0 5323 3609 0 7706 4045 3349 9524 0 6016 2929 7464 5156 7020 0 5851 6350 5726 13449 6692 4039 3893 6621 3906 5539 4030 3687 3838 2764 3685 7594 3570 5581 0 3739 4203 7558 5418 6244 7161 2520 7873 1677 5449 2503 9636 4448 7899 9779 2505 3346 6584 9164 2594 3913 4098 1871 3213 4669 7726 1160 6348 6604 4290 6000 5184 3505 11444 8095 3527 6124 9855 4473 945 3125 5647 6862 5113 249 0 3190 0 2666 
0 0 0 0 0 0 0 0 0 0 0 0 0 0 0 0 0 0 0 0 0 0 0 0 0 0 0 0 0 0 0 0 0 0 0 0 0 0 0 0 0 0 0 0 0 0 0 0 0 0 0 0 0 0 0 0 0 0 0 0 0 0 0 0 0 0 0 0 0 0 0 0 0 0 0 0 0 0 0 0 0 0 0 0 0 0 0 0 0 0 0 0 0 0 0 0 0 0 0 0 0 
2025 9736 5959 3847 5332 10147 6475 3491 5119 9524 4087 3910 3999 8295 5895 5905 3460 13501 0 5772 4532 0 7411 3915 3619 8846 0 5970 2916 7383 5084 5851 0 7634 6269 4953 11033 6363 3767 3409 6743 3403 4641 3598 3701 3260 3098 3642 8213 3511 5873 0 2965 3563 6936 5994 6990 7274 3395 8131 1772 4796 2157 9897 4391 7103 10212 2855 3192 6702 9259 2530 4335 4723 1791 2922 4619 7246 1224 5857 6259 4154 6554 4962 4562 11005 7453 3493 5628 10577 4134 910 3771 5330 6990 4846 222 0 2570 0 2626 
2838 8302 7023 5870 9128 11974 6874 4413 5613 12454 5142 5442 4785 9753 6369 7570 3152 14604 0 5438 4033 0 8554 5691 3947 10407 0 6076 3677 8481 7062 6350 0 6269 11569 7309 15447 7948 4880 4180 7637 5684 6997 5291 4836 5766 4276 4476 8383 4473 6585 0 3598 5982 8134 8567 8305 11091 3471 10219 1946 5882 2345 11538 5190 10205 11169 3339 5478 6902 11892 3765 4935 5073 2472 3574 5312 9783 1397 8858 7251 5715 6613 6713 3995 11594 9813 4132 9696 10507 5561 1818 3750 8089 8142 7003 264 0 3278 0 4026 
2483 6755 5588 3668 6507 10660 5725 3702 5176 10189 5018 4030 3869 8952 5481 6003 2175 12782 0 4913 3334 0 7588 3958 3322 8544 0 5387 3328 7684 5400 5726 0 4953 7309 7404 12786 6344 3665 3760 7416 3854 5717 3904 4094 4697 2919 3550 6894 3513 6066 0 3241 4503 6891 5842 6135 7364 2296 7674 1966 4967 2324 9538 4250 8434 8953 2424 4030 5896 9459 2604 3978 4464 1922 3233 4524 7548 1417 7465 6336 4846 5675 5833 3169 10326 8305 3211 6864 9258 4523 1110 2995 6504 6934 5235 231 0 3067 0 2813 
4570 15343 11374 7875 13717 22772 12723 7461 12375 21226 9985 9806 9185 16533 11074 13050 4705 26398 0 10575 7793 0 15995 9171 7843 18662 0 12806 6931 15257 11913 13449 0 11033 15447 12786 32847 13393 9149 8232 14288 9044 13497 10911 8310 10503 6254 9136 16428 8187 12358 0 7266 9539 14682 13329 14081 17450 4988 17295 3296 10814 5197 22476 9966 17927 22846 5464 8536 12563 19837 6544 9745 8939 4133 7465 9404 17696 2387 14610 15766 10204 11599 11465 8099 22959 17889 7900 14699 19553 10211 2329 7746 12724 14378 11937 492 0 6374 0 5988 
2739 8905 6676 4472 6681 12147 6253 4822 6034 11334 5140 4563 4389 11129 6275 6264 2494 14885 0 6778 4295 0 7949 4725 3858 11530 0 7191 3445 8536 6184 6692 0 6363 7948 6344 13393 9474 4230 3747 8101 3920 5769 4254 5134 4184 3525 4518 8125 3889 6810 0 4073 4535 8034 6030 7130 7580 2850 9695 2212 6099 2345 11759 4425 9655 10263 3321 3723 8178 11631 3366 4323 5217 2213 3408 5309 8207 1457 7090 7811 4925 7307 6097 3883 12734 9780 3668 6535 11372 5992 1123 3364 6701 8745 6332 329 0 3479 0 3537 
1397 5647 4108 2477 4147 6190 4400 2272 4006 6086 3384 2828 2690 6177 3734 4264 1768 8227 0 3530 2935 0 4838 3381 2363 6054 0 4083 2089 4946 4235 4039 0 3767 4880 3665 9149 4230 3884 2418 4797 2813 3662 3176 2452 2778 1966 2744 5747 2993 4088 0 2613 3209 4551 3861 4242 5569 1815 5900 1179 3583 1574 6739 3439 4896 7310 2108 2745 4635 6215 1939 2788 2944 1366 2834 3356 6087 766 4292 4765 2846 4205 3911 2827 6818 5691 2302 4455 6783 3023 664 2244 3848 4465 3703 117 0 1939 0 1809 
1415 5257 4431 2575 3977 7192 3670 2914 3461 6203 4214 2761 3470 5746 3697 4368 1557 9592 0 3045 2517 0 4653 2893 2422 5626 0 3276 1824 5520 3906 3893 0 3409 4180 3760 8232 3747 2418 4492 4530 3426 4190 2826 2398 2611 1826 2689 4601 2381 3964 0 2211 2928 5417 4813 4731 5805 1549 4988 1088 3480 2223 5772 3319 5178 6570 1704 2186 4537 6037 2144 2911 2575 1409 1923 2904 4369 672 4445 4931 2796 3812 2989 2459 5924 4715 3430 4183 5212 3133 742 2160 4063 4715 3606 102 0 1761 0 1832 
2410 9780 8633 4302 6708 11652 7719 4335 5946 11682 6608 4555 5307 14027 7643 7583 3040 16076 0 8115 6033 0 9368 5391 4896 11295 0 6672 3804 10723 7464 6621 0 6743 7637 7416 14288 8101 4797 4530 12681 4384 6953 5234 5458 5086 3571 4721 8877 3965 8714 0 4713 5395 10145 7237 7845 8775 3059 11519 3000 7625 2898 10831 5745 9793 12013 3618 3674 9361 13805 3753 5088 6703 2496 3920 6181 8125 2033 6916 9169 6089 8571 6160 4585 12328 11077 4270 6950 14479 6711 1067 4123 7563 8848 7254 295 0 3680 0 3838 
1392 5199 4321 3180 5150 7303 3857 2675 3219 7137 3429 3315 3293 5543 3728 4435 1668 9308 0 2870 2240 0 4894 3296 2291 5784 0 3189 1969 5549 3838 3906 0 3403 5684 3854 9044 3920 2813 3426 4384 4056 4323 3262 2457 2934 2129 2552 4658 2610 3946 0 2211 3471 5434 5434 5334 6806 1754 5112 1100 3780 1758 6043 3345 5698 6370 1673 2847 4220 6503 2028 2933 2766 1530 1990 3102 5225 760 4638 4313 3188 3899 3150 2432 6232 5491 2961 5286 5369 3362 1094 2150 4515 4441 3930 132 0 1855 0 2172 
1829 6745 5593 3672 6242 9828 5943 3451 4817 9747 4846 3920 4797 7809 4928 6296 2074 12054 0 4666 3893 0 6728 4061 3668 7992 0 5470 2889 7701 5282 5539 0 4641 6997 5717 13497 5769 3662 4190 6953 4323 7542 4302 3481 5029 2741 4362 6370 3429 5910 0 3161 4680 7821 6294 6867 8176 2088 7478 1576 5483 2960 9230 4267 7485 8596 2715 3667 6588 9873 3122 4365 4216 2408 2943 3916 7168 1090 6313 7141 4516 5473 5007 3349 9080 7649 3509 6505 8187 5170 1042 3278 6294 6254 6408 230 0 3037 0 3319 
1509 5238 3988 2688 4551 7533 4306 2571 4070 6704 3348 3462 3097 5730 3789 4615 1653 8532 0 3909 3010 0 5040 3372 2969 5971 0 3888 2076 5358 4298 4030 0 3598 5291 3904 10911 4254 3176 2826 5234 3262 4302 4862 2798 3366 2243 2940 5294 2703 4268 0 2313 3503 5222 5184 4790 6033 1682 5957 1081 3828 1600 7201 3700 6201 8936 1886 2764 4264 6819 2392 3422 2935 1419 2771 3119 5613 794 4870 5539 3638 3878 3620 3046 6884 6362 3067 4884 6394 4238 818 2827 4318 4688 3858 178 0 2036 0 2032 
1766 5147 4010 2893 4275 7506 3841 2868 3364 7403 3178 2934 2775 6647 4046 3831 1578 9449 0 3667 2575 0 4939 2798 2301 6530 0 3750 2328 5526 3794 3687 0 3701 4836 4094 8310 5134 2452 2398 5458 2457 3481 2798 3667 2769 2071 2537 5136 2377 4459 0 2277 2717 4831 3955 4404 4935 1691 6169 1526 3466 1334 7176 2946 6203 6664 1779 2368 4499 7167 2345 2825 3126 1274 1999 3177 4782 882 4166 4646 3306 4326 3392 2485 7186 5736 2330 4201 6836 3293 759 2374 3889 5563 3875 163 0 1829 0 2191 
1518 4430 3843 2802 4832 7008 4305 2329 3568 7046 3422 3036 2976 5649 3586 4685 1573 8190 0 3311 2587 0 5223 2909 2557 5553 0 3780 2251 5140 4291 3838 0 3260 5766 4697 10503 4184 2778 2611 5086 2934 5029 3366 2769 4422 2146 3002 4820 2589 4419 0 2167 3160 4689 4649 4460 6041 1602 6095 1143 3361 1712 7020 3112 5851 6996 1848 3110 3921 6863 2306 3322 3167 1356 2203 2938 5633 817 5075 5015 3509 3565 4113 2417 6567 5549 2417 5205 5999 3498 814 2549 4630 4710 4325 141 0 1912 0 2158 
1170 4198 3025 2372 3276 5588 2993 1897 2530 5496 2194 2207 2360 4466 2943 3523 1353 6245 0 2721 2177 0 3722 2409 1938 4672 0 2813 1575 3873 3212 2764 0 3098 4276 2919 6254 3525 1966 1826 3571 2129 2741 2243 2071 2146 2264 1880 3764 1940 2819 0 1519 2458 3769 3955 4188 4161 1580 4932 855 2669 1068 5293 2324 4231 5096 1848 1980 3363 5223 1566 2409 2425 1148 1553 2203 3679 668 3710 3267 2556 3005 2806 2159 5472 4456 2009 3616 5200 2344 624 1912 3255 3588 2822 117 0 1514 0 1641 
1237 5367 3877 2310 3715 6992 4327 2297 3923 6574 3119 2758 2680 6271 3411 3872 1754 8064 0 3522 3061 0 4542 2822 2754 5822 0 4604 2322 4810 3601 3685 0 3642 4476 3550 9136 4518 2744 2689 4721 2552 4362 2940 2537 3002 1880 3901 5193 2359 4302 0 2236 2575 4543 3912 4671 5071 1640 5301 1149 3405 1844 6972 3014 5001 6612 2152 2305 4412 6702 2102 3098 2981 1311 2155 3112 5479 790 3987 5971 2785 3980 3508 2785 7143 5172 2470 3830 6600 3712 570 2349 3825 4380 3958 184 0 1849 0 1904 
2746 11226 7139 4615 7434 13104 8095 4724 7269 12693 5605 5628 4954 11031 7296 7090 3619 17091 0 6880 5416 0 9669 5521 4617 11350 0 8116 4533 9059 7130 7594 0 8213 8383 6894 16428 8125 5747 4601 8877 4658 6370 5294 5136 4820 3764 5193 11943 4988 7581 0 4002 5090 8312 7209 8404 9944 3750 10981 2400 6001 2774 13610 6070 9701 14389 3627 5030 8212 11742 3440 5427 5658 2334 4677 6334 10766 1493 8115 8977 5731 8343 6896 5508 14287 10355 4376 8397 13532 5417 1282 4661 6923 9020 6304 277 0 3369 0 3265 
1369 5129 3488 3036 4032 7075 3869 2534 3522 6938 2660 2902 2952 4869 3448 4526 1518 7824 0 3082 2330 0 4389 2836 2274 5510 0 3733 2140 5252 3855 3570 0 3511 4473 3513 8187 3889 2993 2381 3965 2610 3429 2703 2377 2589 1940 2359 4988 3417 3730 0 2025 2935 4208 4112 4882 5216 1604 5174 1008 3020 1339 6658 2783 4746 6142 1661 2699 3957 5861 1976 2750 3153 1468 2253 2636 5233 768 4472 4032 2898 3617 3431 2463 6211 4893 2551 4383 5484 2668 715 2137 3614 4203 3366 107 0 1765 0 1805 
2164 8350 6710 3674 5996 11207 6907 4003 5258 10407 5424 4317 4227 10453 5567 5811 2732 14516 0 5640 4087 0 7176 4646 3717 9532 0 5849 3410 9181 5427 5581 0 5873 6585 6066 12358 6810 4088 3964 8714 3946 5910 4268 4459 4419 2819 4302 7581 3730 8437 0 3824 4351 8445 6134 6671 7663 2687 7811 2267 5853 2463 9978 4663 9070 10114 2605 3617 7311 10719 2940 4419 4424 2094 3452 4735 7433 1162 6117 7920 5096 6640 5226 3982 10148 8178 3575 6094 9720 5492 1042 3345 5953 7702 5667 204 0 2766 0 2932 
0 0 0 0 0 0 0 0 0 0 0 0 0 0 0 0 0 0 0 0 0 21 0 0 0 0 21 0 0 0 0 0 0 0 0 0 0 0 0 0 0 0 0 0 0 0 0 0 0 0 0 22 0 0 0 0 0 0 0 0 0 0 0 0 0 0 0 0 0 0 0 0 0 0 0 0 0 0 0 0 0 0 0 0 0 0 0 0 0 0 0 0 0 0 0 0 0 0 0 0 0 
1149 4445 4079 1914 3172 5589 3144 1987 3258 5182 3454 2152 2411 6021 2909 3456 1147 7675 0 3159 2178 0 4176 2713 1929 5926 0 3267 1656 4815 3285 3739 0 2965 3598 3241 7266 4073 2613 2211 4713 2211 3161 2313 2277 2167 1519 2236 4002 2025 3824 0 2772 2590 4897 2927 3538 3780 1345 4614 1149 3838 1404 5119 2448 4713 5258 1455 1682 4324 6061 1579 2110 2424 1146 1936 2879 4340 737 3213 4355 2465 3693 2857 1845 6215 4940 1907 3115 5963 2910 479 1556 3156 4270 3377 137 0 1934 0 1703 
1810 5288 4543 2993 5093 7607 4322 2984 3834 7598 3800 3139 3571 6122 3874 4577 1636 9133 0 3507 2651 0 5203 3813 2539 6672 0 3799 2197 5961 4326 4203 0 3563 5982 4503 9539 4535 3209 2928 5395 3471 4680 3503 2717 3160 2458 2575 5090 2935 4351 0 2590 4778 6461 4945 5379 6559 1749 5749 1166 4744 1738 6845 3798 6243 6967 2021 2980 5475 7630 2144 2993 2973 2136 2890 3031 5558 809 5547 4816 3715 4164 4094 2521 7018 6425 2634 5638 6574 3539 909 2209 4844 4932 4511 149 0 2750 0 2612 
2536 10428 8626 4633 7421 13484 6995 4818 6088 12696 6924 4879 6269 11626 6721 7845 2721 18004 0 6608 4943 0 8997 5775 4498 12445 0 6506 3552 11698 6606 7558 0 6936 8134 6891 14682 8034 4551 5417 10145 5434 7821 5222 4831 4689 3769 4543 8312 4208 8445 0 4897 6461 12618 8050 9416 9034 3073 9415 2425 8604 3343 10954 5584 10626 11322 3161 3752 9895 13811 3516 4938 5221 3127 3853 5520 8298 1510 7243 8835 6298 8293 5666 4301 12792 10352 4882 7522 12150 6830 1269 3740 7557 9204 7529 317 0 4196 0 4256 
2131 8727 6710 5218 7750 11940 6675 3950 4750 11832 4491 4997 5266 8072 6585 7806 2853 13482 0 5003 4345 0 7975 4826 4195 8662 0 5178 3114 8624 6094 5418 0 5994 8567 5842 13329 6030 3861 4813 7237 5434 6294 5184 3955 4649 3955 3912 7209 4112 6134 0 2927 4945 8050 9951 9414 10213 2992 8831 1613 5737 2413 10184 5084 8682 10188 3077 4264 6552 11059 3417 5376 4908 2432 2855 4263 7357 1344 7314 6694 5297 5962 4893 4463 10115 8505 5075 8013 9005 5043 1572 3957 7293 6984 6449 238 0 2797 0 3761 
2245 10333 7141 5706 7584 13550 6678 4195 5956 14286 4823 5226 6154 9102 6569 8658 2815 15185 0 5738 4859 0 7981 5083 4691 10133 0 6683 3953 10172 6386 6244 0 6990 8305 6135 14081 7130 4242 4731 7845 5334 6867 4790 4404 4460 4188 4671 8404 4882 6671 0 3538 5379 9416 9414 11660 9355 3241 9428 2006 6895 2706 12039 5021 8768 9902 3455 4168 8098 13005 3429 5389 5873 2961 3269 4542 8374 1613 7233 7887 5644 7135 5412 4855 12321 9423 4891 7393 10943 5234 1428 4210 6620 7875 7020 292 0 3641 0 4145 
2841 10331 8282 6220 9807 13531 9124 5283 6032 13257 5962 6418 5870 10645 7918 8095 4121 16711 0 5950 4884 0 10547 6342 4546 10597 0 6521 3796 9463 7783 7161 0 7274 11091 7364 17450 7580 5569 5805 8775 6806 8176 6033 4935 6041 4161 5071 9944 5216 7663 0 3780 6559 9034 10213 9355 14457 3718 11255 2017 6514 3055 12431 7027 10707 13409 3591 5721 8143 12449 4351 6459 5976 3037 4076 6038 10014 1491 9513 8187 5919 7555 6493 5330 12052 10502 5376 10881 11145 5795 1983 4645 9196 8669 8208 231 0 3355 0 4442 
903 4285 2883 1965 2676 4516 2977 1568 2159 4200 1857 1792 1701 3969 2498 2674 1607 6066 0 2581 1886 0 3457 2088 1682 3993 0 2560 1310 3475 2504 2520 0 3395 3471 2296 4988 2850 1815 1549 3059 1754 2088 1682 1691 1602 1580 1640 3750 1604 2687 0 1345 1749 3073 2992 3241 3718 1841 4038 847 2145 883 4232 1991 3263 4696 1414 1583 2841 4224 1225 1958 2050 807 1273 2252 3548 564 2954 2703 1942 3129 2263 1883 5126 3438 1679 2858 4786 1924 488 1544 2583 3230 2267 117 0 1134 0 1264 
3078 11633 9066 6156 8029 13087 8610 4791 6984 13074 6804 5804 5957 14061 8476 9372 3797 17061 0 8609 6928 0 11448 6154 5570 12463 0 7735 4049 10384 9901 7873 0 8131 10219 7674 17295 9695 5900 4988 11519 5112 7478 5957 6169 6095 4932 5301 10981 5174 7811 0 4614 5749 9415 8831 9428 11255 4038 15993 2841 7304 3175 13654 6909 10398 15013 5094 4695 9644 14787 4913 6339 7673 2705 4262 6946 9922 2096 8869 9486 6047 9037 7423 5751 14621 12313 5326 8840 16106 6363 1354 5134 8210 10260 8269 315 0 3891 0 4499 
630 2455 2037 1124 1803 3116 1722 1178 1491 3304 1557 1169 1228 3838 1796 1754 713 4639 0 2070 1257 0 2236 1269 1157 2947 0 1733 1155 3078 1717 1677 0 1772 1946 1966 3296 2212 1179 1088 3000 1100 1576 1081 1526 1143 855 1149 2400 1008 2267 0 1149 1166 2425 1613 2006 2017 847 2841 1038 1694 627 2749 1230 2405 2761 804 985 2171 3537 855 1130 1608 553 887 1689 2305 483 1722 2073 1530 2642 1548 1038 3273 2827 998 1720 3713 1654 311 889 1792 2318 1640 67 0 870 0 898 
1809 7445 6485 3332 5461 9060 5430 3172 4617 9099 5001 3448 4389 8678 4921 5812 1912 11979 0 4985 3925 0 6913 4327 3345 9010 0 5012 2559 7842 5232 5449 0 4796 5882 4967 10814 6099 3583 3480 7625 3780 5483 3828 3466 3361 2669 3405 6001 3020 5853 0 3838 4744 8604 5737 6895 6514 2145 7304 1694 6990 2452 8134 4123 7382 7910 2580 2676 7546 10544 2550 3592 4040 2377 2995 3975 6242 1231 5094 6625 4187 5767 4312 3109 9701 8043 3201 5242 9260 4729 873 2607 5288 6610 5892 259 0 3376 0 3361 
782 3249 2555 1303 2242 3905 2741 1414 2177 3649 2528 1494 2047 3324 2120 2707 955 5511 0 2018 2143 0 2949 1701 1702 3384 0 2433 1118 3037 2470 2503 0 2157 2345 2324 5197 2345 1574 2223 2898 1758 2960 1600 1334 1712 1068 1844 2774 1339 2463 0 1404 1738 3343 2413 2706 3055 883 3175 627 2452 1840 3884 1909 2916 3772 1489 1317 3154 3905 1174 1730 1688 1027 1270 1602 2763 415 2439 3275 1645 2190 2076 1569 3850 2955 1542 2282 3529 1854 351 1359 2224 2765 2364 70 0 1223 0 1164 
3933 13387 8754 6731 10323 18840 10525 6494 9725 18382 7018 7524 7101 13054 9232 10042 4012 21356 0 8711 6733 0 11670 6882 6095 15083 0 10921 5944 11911 9189 9636 0 9897 11538 9538 22476 11759 6739 5772 10831 6043 9230 7201 7176 7020 5293 6972 13610 6658 9978 0 5119 6845 10954 10184 12039 12431 4232 13654 2749 8134 3884 19768 7135 13943 16869 4876 6695 10963 16403 4991 7420 7410 3535 5849 6818 13174 1842 11072 12143 7962 9485 9304 6946 18479 13766 5637 10728 15657 7306 1778 6216 9193 12326 9123 381 0 4804 0 4975 
1815 6755 4651 2825 4415 7272 5056 2719 4100 6751 3977 3462 3260 6742 4644 4492 2411 9657 0 3840 3539 0 5914 3482 2710 6317 0 3995 2065 5279 4457 4448 0 4391 5190 4250 9966 4425 3439 3319 5745 3345 4267 3700 2946 3112 2324 3014 6070 2783 4663 0 2448 3798 5584 5084 5021 7027 1991 6909 1230 4123 1909 7135 4906 5942 8759 2434 2695 5414 6868 2379 3618 3349 1614 2986 3619 5409 881 5009 5306 3174 4294 4036 3662 7224 6229 3056 5116 7423 3316 811 2967 4506 5026 4133 121 0 2235 0 2128 
3450 10094 8160 5468 9260 16035 7997 5924 6855 14371 6641 6466 5456 11789 7697 7454 3059 18943 0 6632 4555 0 10191 6197 4598 13215 0 7325 4265 10489 7082 7899 0 7103 10205 8434 17927 9655 4896 5178 9793 5698 7485 6201 6203 5851 4231 5001 9701 4746 9070 0 4713 6243 10626 8682 8768 10707 3263 10398 2405 7382 2916 13943 5942 13818 13961 3193 5229 8717 13685 4057 5671 5511 2741 4280 6029 9791 1528 9212 9728 7014 7915 6777 4765 14367 11584 4878 9602 12268 6879 1778 4471 8670 10729 7405 312 0 3816 0 4119 
3874 14514 9898 5867 9515 16973 10930 6147 9503 14727 8387 7804 6305 14453 9628 9432 4862 21814 0 9357 7279 0 13382 7513 6582 14624 0 9668 4895 11422 10131 9779 0 10212 11169 8953 22846 10263 7310 6570 12013 6370 8596 8936 6664 6996 5096 6612 14389 6142 10114 0 5258 6967 11322 10188 9902 13409 4696 15013 2761 7910 3772 16869 8759 13961 22308 4657 6191 10264 14766 5145 7882 7150 2790 6359 8318 13020 1862 10906 12670 7594 10142 8751 7550 17347 13904 6727 11058 16743 8193 1659 6566 9675 12035 8321 342 0 4213 0 4127 
965 4349 2895 1833 2487 4319 3210 1572 2474 4291 2172 1775 2006 4540 2911 3120 1377 5398 0 2883 2990 0 3337 2220 2111 4016 0 3029 1323 3139 3187 2505 0 2855 3339 2424 5464 3321 2108 1704 3618 1673 2715 1886 1779 1848 1848 2152 3627 1661 2605 0 1455 2021 3161 3077 3455 3591 1414 5094 804 2580 1489 4876 2434 3193 4657 2423 1547 3804 4843 1428 2081 2438 1162 1566 2050 3267 622 3036 3586 1876 2805 2755 2275 4947 4068 1652 2697 5329 2113 402 1786 2660 3173 2673 104 0 1420 0 1450 
1452 4226 3138 2809 4824 6471 3882 2332 3266 6895 2536 3044 2444 4413 3268 3883 1502 7709 0 2670 2002 0 4345 2743 2071 4987 0 3544 2316 4278 3603 3346 0 3192 5478 4030 8536 3723 2745 2186 3674 2847 3667 2764 2368 3110 1980 2305 5030 2699 3617 0 1682 2980 3752 4264 4168 5721 1583 4695 985 2676 1317 6695 2695 5229 6191 1547 3415 3324 5608 1726 2592 2497 1282 2259 2563 5559 616 4923 3837 3168 3244 3842 2194 5931 4981 2026 5396 4967 2541 977 2038 4069 4017 3276 98 0 1632 0 1797 
2374 10295 7662 4128 6159 11183 7098 4631 5930 11039 6004 4159 5432 11224 6722 7054 2796 15256 0 6959 5563 0 7909 5164 4202 11068 0 6929 3181 9355 6562 6584 0 6702 6902 5896 12563 8178 4635 4537 9361 4220 6588 4264 4499 3921 3363 4412 8212 3957 7311 0 4324 5475 9895 6552 8098 8143 2841 9644 2171 7546 3154 10963 5414 8717 10264 3804 3324 10220 12377 3267 4513 5429 2970 3843 5012 7507 1442 6426 8189 4931 7542 5813 4538 11734 9608 3895 6186 11717 5818 963 3593 6577 8485 7032 277 0 3843 0 3870 
3419 13108 11394 7085 10641 17532 10032 6081 8402 18346 8115 6887 7652 16121 9569 10981 3772 21821 0 9670 7474 0 12201 7389 6722 15499 0 9566 5464 14290 9795 9164 0 9259 11892 9459 19837 11631 6215 6037 13805 6503 9873 6819 7167 6863 5223 6702 11742 5861 10719 0 6061 7630 13811 11059 13005 12449 4224 14787 3537 10544 3905 16403 6868 13685 14766 4843 5608 12377 20491 5211 6851 8350 3960 4863 7307 11798 2312 9903 12416 8121 11031 8303 5932 17363 14504 5857 10413 17829 8485 1799 5319 10107 12335 10784 427 0 5334 0 6278 
1073 3726 3097 2451 3085 5020 3198 1861 2396 4875 2378 2122 2410 4361 2791 3411 1222 6008 0 2603 2039 0 3675 2134 1876 4455 0 2597 1384 3976 3281 2594 0 2530 3765 2604 6544 3366 1939 2144 3753 2028 3122 2392 2345 2306 1566 2102 3440 1976 2940 0 1579 2144 3516 3417 3429 4351 1225 4913 855 2550 1174 4991 2379 4057 5145 1428 1726 3267 5211 2307 2489 2324 1047 1463 2105 3411 588 3081 3594 2238 2971 2378 1897 4653 4001 2305 3201 4515 2439 532 1848 3146 3742 3433 107 0 1311 0 1833 
1530 6189 4366 2957 4439 8022 5176 2613 3650 7424 3328 3140 3305 6035 4235 4705 2182 8938 0 3699 2977 0 6006 3062 2904 6149 0 4189 2155 5449 4356 3913 0 4335 4935 3978 9745 4323 2788 2911 5088 2933 4365 3422 2825 3322 2409 3098 5427 2750 4419 0 2110 2993 4938 5376 5389 6459 1958 6339 1130 3592 1730 7420 3618 5671 7882 2081 2592 4513 6851 2489 4245 3392 1484 2219 3171 5158 860 4886 5045 3295 4293 3516 3320 7514 5664 3166 4742 6552 3354 743 2885 4618 5079 4564 155 0 1919 0 2247 
1507 6671 5005 3544 4426 7803 4951 2863 3687 8033 3281 3186 3362 7958 5216 5465 2231 9284 0 5088 3881 0 6224 3005 3146 6581 0 4522 2331 6082 4819 4098 0 4723 5073 4464 8939 5217 2944 2575 6703 2766 4216 2935 3126 3167 2425 2981 5658 3153 4424 0 2424 2973 5221 4908 5873 5976 2050 7673 1608 4040 1688 7410 3349 5511 7150 2438 2497 5429 8350 2324 3392 5432 1578 2088 3843 5249 1569 4594 5079 3392 5192 3851 3146 7871 6780 2733 4598 9114 3916 746 2826 4908 5187 4507 205 0 2113 0 2462 
745 2699 2147 1507 2289 3861 2303 1537 1692 3979 1621 1424 1948 2791 1931 2281 763 4344 0 1727 1515 0 2361 1712 1323 3056 0 1963 1074 3053 1985 1871 0 1791 2472 1922 4133 2213 1366 1409 2496 1530 2408 1419 1274 1356 1148 1311 2334 1468 2094 0 1146 2136 3127 2432 2961 3037 807 2705 553 2377 1027 3535 1614 2741 2790 1162 1282 2970 3960 1047 1484 1578 1270 1192 1244 2319 393 2447 2336 1711 2025 1758 1286 3315 3005 1229 2436 3018 1671 397 1078 2191 2403 2409 81 0 1337 0 1452 
1372 4269 2932 1713 3034 5201 3526 1897 3580 4991 2840 2421 2132 4590 2764 2973 1306 6551 0 2874 2208 0 3674 2626 1895 4821 0 3465 1746 3682 3096 3213 0 2922 3574 3233 7465 3408 2834 1923 3920 1990 2943 2771 1999 2203 1553 2155 4677 2253 3452 0 1936 2890 3853 2855 3269 4076 1273 4262 887 2995 1270 5849 2986 4280 6359 1566 2259 3843 4863 1463 2219 2088 1192 2831 2366 4546 547 3750 4190 2430 3098 3477 2333 5505 4867 1748 3476 5133 2388 502 1867 2885 3573 2704 91 0 1866 0 1377 
1619 6597 5104 2773 4513 7710 4663 2910 3927 6918 3962 3208 2780 8596 4659 4235 2172 10585 0 4413 3024 0 6514 3333 2579 7284 0 4323 2333 6123 4385 4669 0 4619 5312 4524 9404 5309 3356 2904 6181 3102 3916 3119 3177 2938 2203 3112 6334 2636 4735 0 2879 3031 5520 4263 4542 6038 2252 6946 1689 3975 1602 6818 3619 6029 8318 2050 2563 5012 7307 2105 3171 3843 1244 2366 4801 6193 1255 4668 5174 3295 5566 3811 2901 8466 6652 2716 4918 8678 4284 766 2394 4958 5588 4209 227 0 2007 0 2126 
2672 9852 6952 4732 8541 13074 7673 4461 7420 12732 5576 5415 4771 10596 6386 7769 3047 16275 0 6334 4567 0 9319 5703 4458 11384 0 8123 4580 9382 7104 7726 0 7246 9783 7548 17696 8207 6087 4369 8125 5225 7168 5613 4782 5633 3679 5479 10766 5233 7433 0 4340 5558 8298 7357 8374 10014 3548 9922 2305 6242 2763 13174 5409 9791 13020 3267 5559 7507 11798 3411 5158 5249 2319 4546 6193 12257 1449 8691 8800 5776 7959 7367 4560 14198 10069 4226 8974 12348 5982 1386 4040 7583 8563 6646 311 0 3552 0 3400 
401 1772 1418 948 1196 2115 1268 718 973 2146 939 823 874 2476 1498 1496 558 2528 0 1397 980 0 1897 789 778 1884 0 1166 630 1745 1249 1160 0 1224 1397 1417 2387 1457 766 672 2033 760 1090 794 882 817 668 790 1493 768 1162 0 737 809 1510 1344 1613 1491 564 2096 483 1231 415 1842 881 1528 1862 622 616 1442 2312 588 860 1569 393 547 1255 1449 606 1211 1311 944 1486 1014 769 2407 2083 721 1210 2725 1259 200 681 1446 1422 1266 112 0 643 0 748 
2850 7816 6169 4587 7558 12615 6497 4717 5922 11248 5167 4769 4472 8790 5741 6845 2708 13761 0 5509 3676 0 8278 4955 4176 9378 0 6341 3634 8182 6627 6348 0 5857 8858 7465 14610 7090 4292 4445 6916 4638 6313 4870 4166 5075 3710 3987 8115 4472 6117 0 3213 5547 7243 7314 7233 9513 2954 8869 1722 5094 2439 11072 5009 9212 10906 3036 4923 6426 9903 3081 4886 4594 2447 3750 4668 8691 1211 9879 6880 5343 6025 6665 3766 11578 8843 4251 8573 9360 4898 1336 3462 7414 7580 5735 233 0 3503 0 3123 
2356 9387 7522 3900 6304 12326 7294 4101 7149 11300 6411 5106 4759 11063 6068 6802 2728 14919 0 6423 5559 0 7990 5335 4988 10560 0 7540 3880 8561 6734 6604 0 6259 7251 6336 15766 7811 4765 4931 9169 4313 7141 5539 4646 5015 3267 5971 8977 4032 7920 0 4355 4816 8835 6694 7887 8187 2703 9486 2073 6625 3275 12143 5306 9728 12670 3586 3837 8189 12416 3594 5045 5079 2336 4190 5174 8800 1311 6880 11089 5148 6864 6126 4792 12181 9626 4325 6533 11852 6097 1004 4182 6269 8380 6614 255 0 3389 0 3267 
1692 5675 4458 3076 5273 8852 4660 3062 3838 8779 3388 3354 3556 6625 4417 4777 1641 10436 0 4215 2784 0 5608 3351 2968 7140 0 4266 2784 7023 4303 4290 0 4154 5715 4846 10204 4925 2846 2796 6089 3188 4516 3638 3306 3509 2556 2785 5731 2898 5096 0 2465 3715 6298 5297 5644 5919 1942 6047 1530 4187 1645 7962 3174 7014 7594 1876 3168 4931 8121 2238 3295 3392 1711 2430 3295 5776 944 5343 5148 4782 4910 3921 2699 8133 6714 2881 5591 7431 4013 944 2558 5019 5616 4300 184 0 2299 0 2447 
2040 9419 6926 3842 6167 10925 6432 4177 5097 10384 4829 3951 4245 11177 6140 5971 2688 15092 0 6690 4256 0 8156 4576 4049 10345 0 6299 3263 9586 5672 6000 0 6554 6613 5675 11599 7307 4205 3812 8571 3899 5473 3878 4326 3565 3005 3980 8343 3617 6640 0 3693 4164 8293 5962 7135 7555 3129 9037 2642 5767 2190 9485 4294 7915 10142 2805 3244 7542 11031 2971 4293 5192 2025 3098 5566 7959 1486 6025 6864 4910 8828 4964 3773 11829 9048 3951 6060 11850 5607 987 3099 6595 7762 5931 282 0 2981 0 3155 
2192 6647 4789 3240 5440 8592 5346 3113 5261 8589 4252 3549 3341 7635 4602 5451 2151 10673 0 4887 3645 0 6103 3750 3184 7715 0 5683 2939 6040 5238 5184 0 4962 6713 5833 11465 6097 3911 2989 6160 3150 5007 3620 3392 4113 2806 3508 6896 3431 5226 0 2857 4094 5666 4893 5412 6493 2263 7423 1548 4312 2076 9304 4036 6777 8751 2755 3842 5813 8303 2378 3516 3851 1758 3477 3811 7367 1014 6665 6126 3921 4964 6023 3294 9273 7302 2703 5961 8543 3855 889 2933 5307 5891 4542 175 0 2841 0 2384 
